Frame | PID | NroPag
0 | 0 | 0 
1 | 0 | 1 
2 | 0 | 2 
3 | 0 | 3 
4 | -1 | 0 
5 | -1 | 11 
6 | -1 | 0 
7 | -1 | 1 
8 | -1 | 17 
9 | -1 | 34 
10 | 4 | 0 
11 | -1 | 1 
12 | -1 | 2 
13 | -1 | 60 
14 | -1 | 63 
15 | -1 | 66 
16 | 4 | 1 
17 | -1 | 2 
18 | -1 | 3 
19 | -1 | 37 
20 | -1 | 78 
21 | -1 | 79 
22 | -1 | 22 
23 | 4 | 2 
24 | -1 | 48 
25 | -1 | 4 
26 | -1 | 29 
27 | -1 | 32 
28 | -1 | 18 
29 | -1 | 44 
30 | -1 | 50 
31 | -1 | 57 
32 | -1 | 26 
33 | -1 | 5 
34 | -1 | 13 
35 | -1 | 42 
36 | -1 | 69 
37 | -1 | 52 
38 | -1 | 35 
39 | -1 | 73 
40 | -1 | 77 
41 | -1 | 83 
42 | -1 | 6 
43 | -1 | 40 
44 | -1 | 62 
45 | -1 | 65 
46 | -1 | 84 
47 | -1 | 72 
48 | -1 | 23 
49 | -1 | 85 
50 | -1 | 14 
51 | -1 | 19 
52 | -1 | 7 
53 | -1 | 54 
54 | -1 | 59 
55 | -1 | 68 
56 | -1 | 82 
57 | -1 | 76 
58 | -1 | 30 
59 | -1 | 38 
60 | -1 | 86 
61 | -1 | 92 
62 | -1 | 27 
63 | -1 | 8 
64 | -1 | 33 
65 | -1 | 91 
66 | -1 | 93 
67 | -1 | 56 
68 | -1 | 15 
69 | -1 | 81 
70 | -1 | 90 
71 | -1 | 94 
72 | -1 | 47 
73 | -1 | 20 
74 | -1 | 45 
75 | -1 | 9 
76 | -1 | 24 
77 | -1 | 36 
78 | -1 | 43 
79 | -1 | 49 
80 | -1 | 61 
81 | -1 | 64 
82 | -1 | 51 
83 | -1 | 67 
84 | -1 | 71 
85 | -1 | 75 
86 | -1 | 80 
87 | -1 | 16 
88 | -1 | 10 
89 | -1 | 41 
90 | -1 | 58 
91 | -1 | 88 
92 | -1 | 31 
93 | -1 | 28 
94 | -1 | 53 
95 | -1 | 87 
96 | -1 | 89 
97 | -1 | 21 
98 | -1 | 70 
99 | -1 | 95 
